19 07 02 00
9
38.99126616 -120.8593789
38.9910112 -120.8455322
38.99075459 -120.8316858
38.99062568 -120.8247626
38.98693757 -120.8202577
38.97604543 -120.8159747
38.97424447 -120.81603
38.9724435 -120.8160854
38.97064253 -120.8161407
720
0
10000.0 
1
/home/klope/hysplit/5.0.0/working/
July.ARL
1
PM25
0
0
00 00 00 00 00
1
0.0 0.0
0.05 0.05
30.0 30.0
./
cdump
1                      
100                    
00 00 00 00 00         
00 00 00 00 00         
00 12 00               
1                      
0.0 0.0 0.0            
0.0 0.0 0.0 0.0 0.0    
0.0 0.0 0.0            
0.0                    
0.0                
