1                      
PM25                   
0                      
0                      
00 00 00 00 00         
1                      
0.0 0.0                
0.05 0.05              
30.0 30.0              
.\                     
cdump                  
1                      
100                    
00 00 00 00 00         
00 00 00 00 00         
00 12 00               
1                      
0.0 0.0 0.0            
0.0 0.0 0.0 0.0 0.0    
0.0 0.0 0.0            
0.0                    
0.0                
