19 06 10 00
6
39.22878346 -120.9402188 0
39.18800813 -120.9784586 0
39.02006513 -120.4958493 0
39.2990171 -120.3189658 0
39.16041885 -120.6598364 0
39.01209315 -120.5446328 0
0                      
10000.0                  
1                      
c:\hysplit4\met\2019\Jun_July\                 
JunJuly.ARL                  
1                      
PM25                   
0                      
0                      
00 00 00 00 00         
1                      
0.0 0.0                
0.05 0.05              
30.0 30.0              
.\                     
cdump                  
1                      
100                    
00 00 00 00 00         
00 00 00 00 00         
00 12 00               
1                      
0.0 0.0 0.0            
0.0 0.0 0.0 0.0 0.0    
0.0 0.0 0.0            
0.0                    
0.0                
